750
155 999
758 996
40 993
91 990
169 985
11
511 984
67 982
285 981
103
286
78
102 980
320
13
606
81
450
23
567
153 979
344 977
247
255
138 947
387
101 974
525 973
115 995
475 968
99 991
550
162 967
438 965
196
436
160 960
468
22
775
38
735 961
236 958
409 957
222
514
388 956
313
402 988
224 953
484 952
145
768
414 949
416
413 946
109
820
262 945
661 943
929 941
350 937
588
157 934
846 932
272
609 930
309
644
270 928
723
125
951
394 927
620 940
185 920
817 919
619 916
108 915
509
557
494 911
585 910
513 909
591
355 918
815
543 904
629
423
756
596
451
745
381
848
481 903
789 912
290 902
997
499
662 901
607 898
622 897
712
482 894
936
627
688
715 892
551
570
707
858 891
605
964
638
670 885
742
744 884
814 883
796 882
939
779
0 879
62
1
28
576
4
167
9
5
105 881
60
133 876
118 872
10 873
27 871
32 868
3
291 866
314
26 862
34
47 861
66 856
12 857
131 853
20 847
111
19
114 841
127
7
31 840
24
95 838
97 837
21
8 835
120
30 834
92
18 833
211
147 832
298
181
242 828
428 825
137 824
49 818
70
50
93 816
288 813
46 810
98
217
203
176
44 808
15 806
237 805
175 801
261
383 800
219
48
140
76 797
90
84 795
171 794
29
243 798
406
239
256 788
516
52 783
121
156 793
421
74
100
80 782
260
150 781
17
45
434 774
208
195 773
72 770
154
204 769
87
197
275
71 765
166
452 763
347
303
471 762
412
36 759
263 760
128 753
264 752
302
51 751
112
117 750
134 749
163 740
59 737
234 731
325
83
343 721
16
454 720
248 717
139
130 716
141
82 714
182 726
205
223 711
244 710
510 709
339 705
151 703
228
198 701
345 700
485
518 699
265
199 698
524 697
136
370
124 696
189
226 695
225
479
316
179
183 689
391
604
165 686
119 685
202
238 684
444 683
216
386 681
249 676
6 675
668 674
63
35
358
251
259 673
129 665
94 664
250 666
54 660
201
614
193
65 659
89
433
161 657
300
194
159
200 653
172 651
294
113
443 643
146 637
446
437 635
327 634
305
25
743
424 633
393
364
321 632
43
456
375 636
240
279
148
245
287
378
77
61 631
116 630
460
85 628
64 625
648
652
474 624
257 618
490 612
368 608
359 617
41
96 615
367
334
149
369
209
215 601
529 600
507
311
725
458 603
353 599
385 595
296
218 598
241
374
392 545
457
410 590
533
401 589
411
403 587
823
341 586
536
254
178
210
408 583
88 582
553 581
555
415 580
349
168 579
338 578
330 577
373 572
439
462
366 571
469 568
425
173 566
346
472
602
575
289 564
278
478 562
266 573
229
252 558
488
307 552
295 548
352
528 563
442
880
213
463
372 547
281
214 544
470 542
422 535
501 534
107
480
483
221 527
231 523
277
505
447 522
283
559
319
271 521
106
329
233
328
561
645
626
337 517
190 537
455 512
467
57 503
663
75
616
594
963
921
55 498
849
860
761
546
207 495
461 492
497
504
407 487
274
889
301
404
584
227 476
405 496
192
371 466
736
531
335 465
273 464
811
905
269 459
427 449
730
361
508
188 445
539
417 432
376 426
680
532
356
610
331 419
336 418
565
230
297 399
654
541
268
435
851
556
299
718
304 398
477
538
324 395
365 384
73
611
728
187
855
826
235
519
754
144 382
677
682
332
560
267
755
799
152 390
613
39
729
348
170
746
896
771
164
672
859
363 322
802
803
315
389
126 318
69 310
333
430
292
727
441
844
212
284
994
739
839
694
500
852
906
506
708
400
741
158 306
143 280
812
935
123 253
878
174
704
962
777
110
724
757
473
678
917
679
931
258
845
671
899
592
776
913
830
493
924
791
184
360
642
987
520
877
530
574
792
220
554
986
778
922
975
887
692
933
650
869
502
787
702
972
886
732
342
180 246
942
713
397
623
177
767
429
925
836
875
569
908
396
950
895
969
312
733
340
827
453
867
850
907
431
489
955
440
719
647
864
323
923
377
807
784
971
893
362
890
874
549
926
888
354
992
722
821
959
640
998
690
822
831
738
706
597
819
641
747
938
526
656
804
669
865
764
809
658
870
780
970
655
786
900
983
829
785
978
966
104 206
2 191
53 86
68 79
14
132
37 58
186
33
56
135
276
122
308
42
232
142
379
293
326
420
515
282
646
380
667
491
914
351
540
317
357
649
448
486
734
687
593
621
790
954
842
766
691
693
863
639
843
854
772
948
748
944
989
976
